image_width: 1920
image_height: 1208
camera_name: narrow_stereo/right
camera_matrix:
  rows: 3
  cols: 3
  data: [1936.963623, 0.000000, 975.630163, 0.000000, 1940.705250, 621.760454, 0.000000, 0.000000, 1.000000]
distortion_model: plumb_bob
distortion_coefficients:
  rows: 1
  cols: 5
  data: [-0.444787, 0.193221, -0.000908, -0.001262, 0.000000]
rectification_matrix:
  rows: 3
  cols: 3
  data: [0.999607, -0.013558, 0.024517, 0.013564, 0.999908, -0.000068, -0.024514, 0.000401, 0.999699]
projection_matrix:
  rows: 3
  cols: 4
  data: [1549.716261, 0.000000, 910.694740, -638.401190, 0.000000, 1549.716261, 621.879860, 0.000000, 0.000000, 0.000000, 1.000000, 0.000000]
