image_width: 1920
image_height: 1208
camera_name: narrow_stereo/right
camera_matrix:
  rows: 3
  cols: 3
  data: [1943.278972, 0.000000, 965.133244, 0.000000, 1946.738746, 606.063577, 0.000000, 0.000000, 1.000000]
distortion_model: plumb_bob
distortion_coefficients:
  rows: 1
  cols: 5
  data: [-0.446166, 0.204173, -0.000104, -0.001017, 0.000000]
rectification_matrix:
  rows: 3
  cols: 3
  data: [0.999860, -0.014124, -0.009000, 0.014092, 0.999894, -0.003615, 0.009050, 0.003487, 0.999953]
projection_matrix:
  rows: 3
  cols: 4
  data: [1864.935787, 0.000000, 970.255791, -772.847846, 0.000000, 1864.935787, 611.950424, 0.000000, 0.000000, 0.000000, 1.000000, 0.000000]
